0,1,2,3,4,5,6,7,8,9,10,11,12,13,14,15,16,17,18,19,20,21,22,23,24,25,26,27,28,29,30,31,32,33,34,35,36,37,38,39,40,41,42,43,44,45,46,47,48,49,50,51,52,53,54,55,56,57,58,59,60,61,62,63,64,65,66,67,68,69,70,71,72,73,74,75,76,77,78,79,80,81,82,83,84,85,86,87,88,89,90,91,92,93,94,95,96,97,98,99,100,101,102,103,104,105,106,107,108,109,110,111,112,113,114,115,116,117,118,119,120,121,122,123,124,125,126,127,128,129,130,131,132,133,134,135,136,137,138,139,140,141,142,143,144,145,146,147,148,149,150,151,152,153,154,155,156,157,158,159,160,161,162,163,164,165,166,167,168,169,170,171,172,173,174,175,176,177,178,179,180,181,182,183,184,185,186,187,188,189,190,191,192,193,194,195,196,197,198,199,200,201,202,203,204,205,206,207,208,209,210,211,212,213,214,215,216,217,218,219,220,221,222,223,224,225,226,227,228,229,230,231,232,233,234,235,236,237,238,239,240,241,242,243,244,245,246,247,248,249,250,251,252,253,254,255,256,257,258,259,260,261,262,263,264,265,266,267,268,269,270,271,272,273,274,275,276,277,278,279,280,281,282,283,284,285,286,287,288,289,290,291,292,293,294,295,296,297,298,299,300,301,302,303,304,305,306,307,308,309,310,311,312,313,314,315,316,317,318,319,320,321,322,323,324,325,326,327,328,329,330,331,332,333,334,335,336,337,338,339,340,341,342,343,344,345,346,347,348,349,350,351,352,353,354,355,356,357,358,359,360,361,362,363,364,365,366,367,368,369,370,371,372,373,374,375,376,377,378,379,380,381,382,383,384,385,386,387,388,389,390,391,392,393,394,395,396,397,398,399,400,401,402,403,404,405,406,407,408,409,410,411,412,413,414,415,416,417,418,419,420,421,422,423,424,425,426,427,428,429,430,431,432,433,434,435,436,437,438,439,440,441,442,443,444,445,446,447,448,449,450,451,452,453,454,455,456,457,458,459,460,461,462,463,464,465,466,467,468,469,470,471,472,473,474,475,476,477,478,479,480,481,482,483,484,485,486,487,488,489,490,491,492,493,494,495,496,497,498,499,500,501,502,503,504,505,506,507,508,509,510,511,512,513,514,515,516,517,518,519,520,521,522,523,524,525,526,527,528,529,530,531,532,533,534,535,536,537,538,539,540,541,542,543,544,545,546,547,548,549,550,551,552,553,554,555,556,557,558,559,560,561,562,563,564,565,566,567,568,569,570,571,572,573,574,575,576,577,578,579,580,581,582,583,584,585,586,587,588,589,590,591,592,593,594,595,596,597,598,599,600,601,602,603,604,605,606,607,608,609,610,611,612,613,614,615,616,617,618,619,620,621,622,623,624,625,626,627,628,629,630,631,632,633,634,635,636,637,638,639,640,641,642,643,644,645,646,647,648,649,650,651,652,653,654,655,656,657,658,659,660,661,662,663,664,665,666,667,668,669,670,671,672,673,674,675,676,677,678,679,680,681,682,683,684,685,686,687,688,689,690,691,692,693,694,695,696,697,698,699,700,701,702,703,704,705,706,707,708,709,710,711,712,713,714,715,716,717,718,719,720,721,722,723,724,725,726,727,728,729,730,731,732,733,734,735,736,737,738,739,740,741,742,743,744,745,746,747,748,749,750,751,752,753,754,755,756,757,758,759,760,761,762,763,764,765,766,767,768,769,770,771,772,773,774,775,776,777,778,779,780,781,782,783,784,785,786,787,788,789,790,791,792,793,794,795,796,797,798,799,800,801,802,803,804,805,806,807,808,809,810,811,812,813,814,815,816,817,818,819,820,821,822,823,824,825,826,827,828,829,830,831,832,833,834,835,836,837,838,839,840,841,842,843,844,845,846,847,848,849,850,851,852,853,854,855,856,857,858,859,860,861,862,863,864,865,866,867,868,869,870,871,872,873,874,875,876,877,878,879,880,881,882,883,884,885,886,887,888,889,890,891,892,893,894,895,896,897,898,899,900,901,902,903,904,905,906,907,908,909,910,911,912,913,914,915,916,917,918,919,920,921,922,923,924,925,926,927,928,929,930,931,932,933,934,935,936,937,938,939,940,941,942,943,944,945,946,947,948,949,950,951,952,953,954,955,956,957,958,959,960,961,962,963,964,965,966,967,968,969,970,971,972,973,974,975,976,977,978,979,980,981,982,983,984,985,986,987,988,989,990,991,992,993,994,995,996,997,998,999,1000,1001,1002,1003,1004,1005,1006,1007,1008,1009,1010,1011,1012,1013,1014,1015,1016,1017,1018,1019,1020,1021,1022,1023,1024,1025,1026,1027,1028,1029,1030,1031,1032,1033,1034,1035,1036,1037,1038,1039,1040,1041,1042,1043,1044,1045,1046,1047,1048,1049,1050,1051,1052,1053,1054,1055,1056,1057,1058,1059,1060,1061,1062,1063,1064,1065,1066,1067,1068,1069,1070,1071,1072,1073,1074,1075,1076,1077,1078,1079,1080,1081,1082,1083,1084,1085,1086,1087,1088,1089,1090,1091,1092,1093,1094,1095,1096,1097,1098,1099,1100,1101,1102,1103,1104,1105,1106,1107,1108,1109,1110,1111,1112,1113,1114,1115,1116,1117,1118,1119,1120,1121,1122,1123,1124,1125,1126,1127,1128,1129,1130,1131,1132,1133,1134,1135,1136,1137,1138,1139,1140,1141,1142,1143,1144,1145,1146,1147,1148,1149,1150,1151,1152,1153,1154,1155,1156,1157,1158,1159,1160,1161,1162,1163,1164,1165,1166,1167,1168,1169,1170,1171,1172,1173,1174,1175,1176,1177,1178,1179,1180,1181,1182,1183,1184,1185,1186,1187,1188,1189,1190,1191,1192,1193,1194,1195,1196,1197,1198,1199,1200,1201,1202,1203,1204,1205,1206,1207,1208,1209,1210,1211,1212,1213,1214,1215,1216,1217,1218,1219,1220,1221,1222,1223,1224,1225,1226,1227,1228,1229,1230,1231,1232,1233,1234,1235,1236,1237,1238,1239,1240,1241,1242,1243,1244,1245,1246,1247,1248,1249,1250,1251,1252,1253,1254,1255,1256,1257,1258,1259,1260,1261,1262,1263,1264,1265,1266,1267,1268,1269,1270,1271,1272,1273,1274,1275,1276,1277,1278,1279,1280,1281,1282,1283,1284,1285,1286,1287,1288,1289,1290,1291,1292,1293,1294,1295,1296,1297,1298,1299,1300,1301,1302,1303,1304,1305,1306,1307,1308,1309,1310,1311,1312,1313,1314,1315,1316,1317,1318,1319,1320,1321,1322,1323,1324,1325,1326,1327,1328,1329,1330,1331,1332,1333,1334,1335,1336,1337,1338,1339,1340,1341,1342,1343,1344,1345,1346,1347,1348,1349,1350,1351,1352,1353,1354,1355,1356,1357,1358,1359,1360,1361,1362,1363,1364,1365,1366,1367,1368,1369,1370,1371,1372,1373,1374,1375,1376,1377,1378,1379,1380,1381,1382,1383,1384,1385,1386,1387,1388,1389,1390,1391,1392,1393,1394,1395,1396,1397,1398,1399,1400,1401,1402,1403,1404,1405,1406,1407,1408,1409,1410,1411,1412,1413,1414,1415,1416,1417,1418,1419,1420,1421,1422,1423,1424,1425,1426,1427,1428,1429,1430,1431,1432,1433,1434,1435,1436,1437,1438,1439,1440,1441,1442,1443,1444,1445,1446,1447,1448,1449,1450,1451,1452,1453,1454,1455,1456,1457,1458,1459,1460,1461,1462,1463,1464,1465,1466,1467,1468,1469,1470,1471,1472,1473,1474,1475,1476,1477,1478,1479,1480,1481,1482,1483,1484,1485,1486,1487,1488,1489,1490,1491,1492,1493,1494,1495,1496,1497,1498,1499,1500,1501,1502,1503,1504,1505,1506,1507,1508,1509,1510,1511,1512,1513,1514,1515,1516,1517,1518,1519,1520,1521,1522,1523,1524,1525,1526,1527,1528,1529,1530,1531,1532,1533,1534,1535,1536,1537,1538,1539,1540,1541,1542,1543,1544,1545,1546,1547,1548,1549,1550,1551,1552,1553,1554,1555,1556,1557,1558,1559,1560,1561,1562,1563,1564,1565,1566,1567,1568,1569,1570,1571,1572,1573,1574,1575,1576,1577,1578,1579,1580,1581,1582,1583,1584,1585,1586,1587,1588,1589,1590,1591,1592,1593,1594,1595,1596,1597,1598,1599,1600,1601,1602,1603,1604,1605,1606,1607,1608,1609,1610,1611,1612,1613,1614,1615,1616,1617,1618,1619,1620,1621,1622,1623,1624,1625,1626,1627,1628,1629,1630,1631,1632,1633,1634,1635,1636,1637,1638,1639,1640,1641,1642,1643,1644,1645,1646,1647,1648,1649,1650,1651,1652,1653,1654,1655,1656,1657,1658,1659,1660,1661,1662,1663,1664,1665,1666,1667,1668,1669,1670,1671,1672,1673,1674,1675,1676,1677,1678,1679,1680,1681,1682,1683,1684,1685,1686,1687,1688,1689,1690,1691,1692,1693,1694,1695,1696,1697,1698,1699,1700,1701,1702,1703,1704,1705,1706,1707,1708,1709,1710,1711,1712,1713,1714,1715,1716,1717,1718,1719,1720,1721,1722,1723,1724,1725,1726,1727,1728,1729,1730,1731,1732,1733,1734,1735,1736,1737,1738,1739,1740,1741,1742,1743,1744,1745,1746,1747,1748,1749,1750,1751,1752,1753,1754,1755,1756,1757,1758,1759,1760,1761,1762,1763,1764,1765,1766,1767,1768,1769,1770,1771,1772,1773,1774,1775,1776,1777,1778,1779,1780,1781,1782,1783,1784,1785,1786,1787,1788,1789,1790,1791,1792,1793,1794,1795,1796,1797,1798,1799,1800,1801,1802,1803,1804,1805,1806,1807,1808,1809,1810,1811,1812,1813,1814,1815,1816,1817,1818,1819,1820,1821,1822,1823,1824,1825,1826,1827,1828,1829,1830,1831,1832,1833,1834,1835,1836,1837,1838,1839,1840,1841,1842,1843,1844,1845,1846,1847,1848,1849,1850,1851,1852,1853,1854,1855,1856,1857,1858,1859,1860,1861,1862,1863,1864,1865,1866,1867,1868,1869,1870,1871,1872,1873,1874,1875,1876,1877,1878,1879,1880,1881,1882,1883,1884,1885,1886,1887,1888,1889,1890,1891,1892,1893,1894,1895,1896,1897,1898,1899,1900,1901,1902,1903,1904,1905,1906,1907,1908,1909,1910,1911,1912,1913,1914,1915,1916,1917,1918,1919,1920,1921,1922,1923,1924,1925,1926,1927,1928,1929,1930,1931,1932,1933,1934,1935,1936,1937,1938,1939,1940,1941,1942,1943,1944,1945,1946,1947,1948,1949,1950,1951,1952,1953,1954,1955,1956,1957,1958,1959,1960,1961,1962,1963,1964,1965,1966,1967,1968,1969,1970,1971,1972,1973,1974,1975,1976,1977,1978,1979,1980,1981,1982,1983,1984,1985,1986,1987,1988,1989,1990,1991,1992,1993,1994,1995,1996,1997,1998,1999,2000,2001,2002,2003,2004,2005,2006,2007,2008,2009,2010,2011,2012,2013,2014,2015,2016,2017,2018,2019,2020,2021,2022,2023,2024,2025,2026,2027,2028,2029,2030,2031,2032,2033,2034,2035,2036,2037,2038,2039,2040,2041,2042,2043,2044,2045,2046,2047,2048,2049,2050,2051,2052,2053,2054,2055,2056,2057,2058,2059,2060,2061,2062,2063,2064,2065,2066,2067,2068,2069,2070,2071,2072,2073,2074,2075,2076,2077,2078,2079,2080,2081,2082,2083,2084,2085,2086,2087,2088,2089,2090,2091,2092,2093,2094,2095,2096,2097,2098,2099,2100,2101,2102,2103,2104,2105,2106,2107,2108,2109,2110,2111,2112,2113,2114,2115,2116,2117,2118,2119,2120,2121,2122,2123,2124,2125,2126,2127,2128,2129,2130,2131,2132,2133,2134,2135,2136,2137,2138,2139,2140,2141,2142,2143,2144,2145,2146,2147,2148,2149,2150,2151,2152,2153,2154,2155,2156,2157,2158,2159,2160,2161,2162,2163,2164,2165,2166,2167,2168,2169,2170,2171,2172,2173,2174,2175,2176,2177,2178,2179,2180,2181,2182,2183,2184,2185,2186,2187,2188,2189,2190,2191,2192,2193,2194,2195,2196,2197,2198,2199,2200,2201,2202,2203,2204,2205,2206,2207,2208,2209,2210,2211,2212,2213,2214,2215,2216,2217,2218,2219,2220,2221,2222,2223,2224,2225,2226,2227,2228,2229,2230,2231,2232,2233,2234,2235,2236,2237,2238,2239,2240,2241,2242,2243,2244,2245,2246,2247,2248,2249,2250,2251,2252,2253,2254,2255,2256,2257,2258,2259,2260,2261,2262,2263,2264,2265,2266,2267,2268,2269,2270,2271,2272,2273,2274,2275,2276,2277,2278,2279,2280,2281,2282,2283,2284,2285,2286,2287,2288,2289,2290,2291,2292,2293,2294,2295,2296,2297,2298,2299,2300,2301,2302,2303,2304,2305,2306,2307,2308,2309,2310,2311,2312,2313,2314,2315,2316,2317,2318,2319,2320,2321,2322,2323,2324,2325,2326,2327,2328,2329,2330,2331,2332,2333,2334,2335,2336,2337,2338,2339,2340,2341,2342,2343,2344,2345,2346,2347,2348,2349,2350,2351,2352,2353,2354,2355,2356,2357,2358,2359,2360,2361,2362,2363,2364,2365,2366,2367,2368,2369,2370,2371,2372,2373,2374,2375,2376,2377,2378,2379,2380,2381,2382,2383,2384,2385,2386,2387,2388,2389,2390,2391,2392,2393,2394,2395,2396,2397,2398,2399,2400,2401,2402,2403,2404,2405,2406,2407,2408,2409,2410,2411,2412,2413,2414,2415,2416,2417,2418,2419,2420,2421,2422,2423,2424,2425,2426,2427,2428,2429,2430,2431,2432,2433,2434,2435,2436,2437,2438,2439,2440,2441,2442,2443,2444,2445,2446,2447,2448,2449,2450,2451,2452,2453,2454,2455,2456,2457,2458,2459,2460,2461,2462,2463,2464,2465,2466,2467,2468,2469,2470,2471,2472,2473,2474,2475,2476,2477,2478,2479,2480,2481,2482,2483,2484,2485,2486,2487,2488,2489,2490,2491,2492,2493,2494,2495,2496,2497,2498,2499,2500,2501,2502,2503,2504,2505,2506,2507,2508,2509,2510,2511,2512,2513,2514,2515,2516,2517,2518,2519,2520,2521,2522,2523,2524,2525,2526,2527,2528,2529,2530,2531,2532,2533,2534,2535,2536,2537,2538,2539,2540,2541,2542,2543,2544,2545,2546,2547,2548,2549,2550,2551,2552,2553,2554,2555,2556,2557,2558,2559,2560,2561,2562,2563,2564,2565,2566,2567,2568,2569,2570,2571,2572,2573,2574,2575,2576,2577,2578,2579,2580,2581,2582,2583,2584,2585,2586,2587,2588,2589,2590,2591,2592,2593,2594,2595,2596,2597,2598,2599,2600,2601,2602,2603,2604,2605,2606,2607,2608,2609,2610,2611,2612,2613,2614,2615,2616,2617,2618,2619,2620,2621,2622,2623,2624,2625,2626,2627,2628,2629,2630,2631,2632,2633,2634,2635,2636,2637,2638,2639,2640,2641,2642,2643,2644,2645,2646,2647,2648,2649,2650,2651,2652,2653,2654,2655,2656,2657,2658,2659,2660,2661,2662,2663,2664,2665,2666,2667,2668,2669,2670,2671,2672,2673,2674,2675,2676,2677,2678,2679,2680,2681,2682,2683,2684,2685,2686,2687,2688,2689,2690,2691,2692,2693,2694,2695,2696,2697,2698,2699,2700,2701,2702,2703,2704,2705,2706,2707,2708,2709,2710,2711,2712,2713,2714,2715,2716,2717,2718,2719,2720,2721,2722,2723,2724,2725,2726,2727,2728,2729,2730,2731,2732,2733,2734,2735,2736,2737,2738,2739,2740,2741,2742,2743,2744,2745,2746,2747,2748,2749,2750,2751,2752,2753,2754,2755,2756,2757,2758,2759,2760,2761,2762,2763,2764,2765,2766,2767,2768,2769,2770,2771,2772,2773,2774,2775,2776,2777,2778,2779,2780,2781,2782,2783,2784,2785,2786,2787,2788,2789,2790,2791,2792,2793,2794,2795,2796,2797,2798,2799,2800,2801,2802,2803,2804,2805,2806,2807,2808,2809,2810,2811,2812,2813,2814,2815,2816,2817,2818,2819,2820,2821,2822,2823,2824,2825,2826,2827,2828,2829,2830,2831,2832,2833,2834,2835,2836,2837,2838,2839,2840,2841,2842,2843,2844,2845,2846,2847,2848,2849,2850,2851,2852,2853,2854,2855,2856,2857,2858,2859,2860,2861,2862,2863,2864,2865,2866,2867,2868,2869,2870,2871,2872,2873,2874,2875,2876,2877,2878,2879,2880,2881,2882,2883,2884,2885,2886,2887,2888,2889,2890,2891,2892,2893,2894,2895,2896,2897,2898,2899,2900,2901,2902,2903,2904,2905,2906,2907,2908,2909,2910,2911,2912,2913,2914,2915,2916,2917,2918,2919,2920,2921,2922,2923,2924,2925,2926,2927,2928,2929,2930,2931,2932,2933,2934,2935,2936,2937,2938,2939,2940,2941,2942,2943,2944,2945,2946,2947,2948,2949,2950,2951,2952,2953,2954,2955,2956,2957,2958,2959,2960,2961,2962,2963,2964,2965,2966,2967,2968,2969,2970,2971,2972,2973,2974,2975,2976,2977,2978,2979,2980,2981,2982,2983,2984,2985,2986,2987,2988,2989,2990,2991,2992,2993,2994,2995,2996,2997,2998,2999,3000,3001,3002,3003,3004,3005,3006,3007,3008,3009,3010,3011,3012,3013,3014,3015,3016,3017,3018,3019,3020,3021,3022,3023,3024,3025,3026,3027,3028,3029,3030,3031,3032,3033,3034,3035,3036,3037,3038,3039,3040,3041,3042,3043,3044,3045,3046,3047,3048,3049,3050,3051,3052,3053,3054,3055,3056,3057,3058,3059,3060,3061,3062,3063,3064,3065,3066,3067,3068,3069,3070,3071,3072,3073,3074,3075,3076,3077,3078,3079,3080,3081,3082,3083,3084,3085,3086,3087,3088,3089,3090,3091,3092,3093,3094,3095,3096,3097,3098,3099,3100,3101,3102,3103,3104,3105,3106,3107,3108,3109,3110,3111,3112,3113,3114,3115,3116,3117,3118,3119,3120,3121,3122,3123,3124,3125,3126,3127,3128,3129,3130,3131,3132,3133,3134,3135,3136,3137,3138,3139,3140,3141,3142,3143,3144,3145,3146,3147,3148,3149,3150,3151,3152,3153,3154,3155,3156,3157,3158,3159,3160,3161,3162,3163,3164,3165,3166,3167,3168,3169,3170,3171,3172,3173,3174,3175,3176,3177,3178,3179,3180,3181,3182,3183,3184,3185,3186,3187,3188,3189,3190,3191,3192,3193,3194,3195,3196,3197,3198,3199,3200,3201,3202,3203,3204,3205,3206,3207,3208,3209,3210,3211,3212,3213,3214,3215,3216,3217,3218,3219,3220,3221,3222,3223,3224,3225,3226,3227,3228,3229,3230,3231,3232,3233,3234,3235,3236,3237,3238,3239,3240,3241,3242,3243,3244,3245,3246,3247,3248,3249,3250,3251,3252,3253,3254,3255,3256,3257,3258,3259,3260,3261,3262,3263,3264,3265,3266,3267,3268,3269,3270,3271,3272,3273,3274,3275,3276,3277,3278,3279,3280,3281,3282,3283,3284,3285,3286,3287,3288,3289,3290,3291,3292,3293,3294,3295,3296,3297,3298,3299,3300,3301,3302,3303,3304,3305,3306,3307,3308,3309,3310,3311,3312,3313,3314,3315,3316,3317,3318,3319,3320,3321,3322,3323,3324,3325,3326,3327,3328,3329,3330,3331,3332,3333,3334,3335,3336,3337,3338,3339,3340,3341,3342,3343,3344,3345,3346,3347,3348,3349,3350,3351,3352,3353,3354,3355,3356,3357,3358,3359,3360,3361,3362,3363,3364,3365,3366,3367,3368,3369,3370,3371,3372,3373,3374,3375,3376,3377,3378,3379,3380,3381,3382,3383,3384,3385,3386,3387,3388,3389,3390,3391,3392,3393,3394,3395,3396,3397,3398,3399,3400,3401,3402,3403,3404,3405,3406,3407,3408,3409,3410,3411,3412,3413,3414,3415,3416,3417,3418,3419,3420,3421,3422,3423,3424,3425,3426,3427,3428,3429,3430,3431,3432,3433,3434,3435,3436,3437,3438,3439,3440,3441,3442,3443,3444,3445,3446,3447,3448,3449,3450,3451,3452,3453,3454,3455,3456,3457,3458,3459,3460,3461,3462,3463,3464,3465,3466,3467,3468,3469,3470,3471,3472,3473,3474,3475,3476,3477,3478,3479,3480,3481,3482,3483,3484,3485,3486,3487,3488,3489,3490,3491,3492,3493,3494,3495,3496,3497,3498,3499,3500,3501,3502,3503,3504,3505,3506,3507,3508,3509,3510,3511,3512,3513,3514,3515,3516,3517,3518,3519,3520,3521,3522,3523,3524,3525,3526,3527,3528,3529,3530,3531,3532,3533,3534,3535,3536,3537,3538,3539,3540,3541,3542,3543,3544,3545,3546,3547,3548,3549,3550,3551,3552,3553,3554,3555,3556,3557,3558,3559,3560,3561,3562,3563,3564,3565,3566,3567,3568,3569,3570,3571,3572,3573,3574,3575,3576,3577,3578,3579,3580,3581,3582,3583,3584,3585,3586,3587,3588,3589,3590,3591,3592,3593,3594,3595,3596,3597,3598,3599,3600,3601,3602,3603,3604,3605,3606,3607,3608,3609,3610,3611,3612,3613,3614,3615,3616,3617,3618,3619,3620,3621,3622,3623,3624,3625,3626,3627,3628,3629,3630,3631,3632,3633,3634,3635,3636,3637,3638,3639,3640,3641,3642,3643,3644,3645,3646,3647,3648,3649,3650,3651,3652,3653,3654,3655,3656,3657,3658,3659,3660,3661,3662,3663,3664,3665,3666,3667,3668,3669,3670,3671,3672,3673,3674,3675,3676,3677,3678,3679,3680,3681,3682,3683,3684,3685,3686,3687,3688,3689,3690,3691,3692,3693,3694,3695,3696,3697,3698,3699,3700,3701,3702,3703,3704,3705,3706,3707,3708,3709,3710,3711,3712,3713,3714,3715,3716,3717,3718,3719,3720,3721,3722,3723,3724,3725,3726,3727,3728,3729,3730,3731,3732,3733,3734,3735,3736,3737,3738,3739,3740,3741,3742,3743,3744,3745,3746,3747,3748,3749,3750,3751,3752,3753,3754,3755,3756,3757,3758,3759,3760,3761,3762,3763,3764,3765,3766,3767,3768,3769,3770,3771,3772,3773,3774,3775,3776,3777,3778,3779,3780,3781,3782,3783,3784,3785,3786,3787,3788,3789,3790,3791,3792,3793,3794,3795,3796,3797,3798,3799,3800,3801,3802,3803,3804,3805,3806,3807,3808,3809,3810,3811,3812,3813,3814,3815,3816,3817,3818,3819,3820,3821,3822,3823,3824,3825,3826,3827,3828,3829,3830,3831,3832,3833,3834,3835,3836,3837,3838,3839,3840,3841,3842,3843,3844,3845,3846,3847,3848,3849,3850,3851,3852,3853,3854,3855,3856,3857,3858,3859,3860,3861,3862,3863,3864,3865,3866,3867,3868,3869,3870,3871,3872,3873,3874,3875,3876,3877,3878,3879,3880,3881,3882,3883,3884,3885,3886,3887,3888,3889,3890,3891,3892,3893,3894,3895,3896,3897,3898,3899,3900,3901,3902,3903,3904,3905,3906,3907,3908,3909,3910,3911,3912,3913,3914,3915,3916,3917,3918,3919,3920,3921,3922,3923,3924,3925,3926,3927,3928,3929,3930,3931,3932,3933,3934,3935,3936,3937,3938,3939,3940,3941,3942,3943,3944,3945,3946,3947,3948,3949,3950,3951,3952,3953,3954,3955,3956,3957,3958,3959,3960,3961,3962,3963,3964,3965,3966,3967,3968,3969,3970,3971,3972,3973,3974,3975,3976,3977,3978,3979,3980,3981,3982,3983,3984,3985,3986,3987,3988,3989,3990,3991,3992,3993,3994,3995,3996,3997,3998,3999,4000,4001,4002,4003,4004,4005,4006,4007,4008,4009,4010,4011,4012,4013,4014,4015,4016,4017,4018,4019,4020,4021,4022,4023,4024,4025,4026,4027,4028,4029,4030,4031,4032,4033,4034,4035,4036,4037,4038,4039,4040,4041,4042,4043,4044,4045,4046,4047,4048,4049,4050,4051,4052,4053,4054,4055,4056,4057,4058,4059,4060,4061,4062,4063,4064,4065,4066,4067,4068,4069,4070,4071,4072,4073,4074,4075,4076,4077,4078,4079,4080,4081,4082,4083,4084,4085,4086,4087,4088,4089,4090,4091,4092,4093,4094,4095
0.0,0.44607142,0.35055172,0.7070332,0.0,0.0,0.0,0.0,1.7788912,0.0,0.0,2.4670143,0.0,0.7185569,0.88551295,0.0,0.0,8.029491,1.1651258,1.6812304,2.87568,1.3663042,0.0,1.3531626,0.0,0.0,0.0,2.0713437,0.42028457,0.0,0.9517925,0.0,0.0,1.1232697,2.6420932,3.4543009,2.5274084,0.0,1.1711214,1.5054749,0.0,2.354537,0.0,0.0,0.0,0.0,0.0,0.0,2.4610562,0.0,0.0,0.0,0.0,0.0,0.44232643,0.0,0.0,1.0247848,4.149364,0.0,0.0,0.0,0.0,0.0,2.5092683,0.0,0.44255346,0.0,1.2290599,0.0,0.0,4.599796,0.0,0.94168174,0.0,0.0,0.0,0.7425947,0.0,0.6848701,0.5853631,0.0,0.0,0.0,0.0,0.0,0.0,0.0,1.3442748,0.0,0.0,0.0,0.0,0.0,0.118016094,0.0,0.0,0.0,0.0,0.0,0.0,0.0,1.0408261,1.2107989,0.0,1.2258925,0.0,0.0,2.8058858,0.23698013,0.0,0.42436522,2.3568525,2.5081396,0.0,0.7281573,0.22423443,5.1148353,0.0,0.755651,2.1166453,0.0,0.24211442,0.0,1.8498747,2.220127,0.0,0.0,2.9405005,0.0,0.0,2.2741058,0.28194618,0.0,0.0,0.2191374,2.3426983,0.0,0.46890077,3.678268,0.0,0.21854395,0.8061958,4.625572,0.0,0.0,0.0,0.0,0.0,1.7213198,0.0,1.8039649,0.0,0.0,0.0,0.0,0.0,0.0,0.0,0.0,0.0,2.4988346,0.4525796,0.0,0.71474516,0.0,0.0,0.0,1.172245,0.0,0.0,0.0,0.0,0.0,2.4329207,0.0,0.0,0.0,1.4579147,0.0,0.0,3.3576674,0.0,0.0,0.0,0.0,0.0,0.0,3.1054952,0.0,2.1963677,0.03445196,0.0,0.0,0.0,2.078401,0.0,0.0,1.4532404,1.5364394,0.0,0.017605096,0.0,3.1336462,0.0,0.0,0.0,1.1611183,0.0,0.1443331,0.8695625,0.0,0.86739063,0.0,0.8563823,0.0,0.0,1.0625381,0.4873045,1.361911,0.0,0.0,0.0,1.6760368,0.0,1.6759104,0.0,0.0,0.08169365,0.0,0.0,0.0,1.5230048,0.0,2.1691146,0.0,1.5499632,0.0,0.0,1.9628372,0.0,0.63897824,0.0,0.90000033,0.24425411,0.0,3.2200365,1.0135605,0.0,0.0,0.0,4.806799,1.3142264,0.0,2.5294755,0.0,3.5865588,0.0,1.6893979,0.35708886,0.0,0.0,1.1017274,0.0,0.0,0.2153647,2.4238055,0.0,0.0,0.0,0.0,0.29896575,1.1964179,0.0,0.0,2.6854177,0.0,0.0,0.0,3.0339162,0.0,0.0,2.7031665,0.0,0.0,1.0434659,0.0,0.0,0.0,0.0,5.5196266,1.788735,0.0,0.0,0.0,0.0,0.0,1.1377387,0.0,0.35539103,0.0,0.0,1.2600094,0.0,0.0,1.7887573,0.0,0.37162352,0.0,0.0,0.0,0.0,0.0,0.0,0.0,1.0632521,0.0,0.0,0.0,0.0,2.4367821,3.0928998,0.0,0.0,0.0,0.0,0.0,1.5138522,0.0,4.0142565,1.2154301,0.0,0.0,0.0,0.0,0.0,1.9981463,0.30133513,0.0,3.001906,0.0,0.0,0.0,0.0,0.0,0.0,0.0,0.24805598,0.0,0.0,2.8907056,0.36281985,0.0,0.0,0.4276509,0.0,0.0,0.0,0.0,0.0,0.9499754,0.0,0.0,0.0,0.0,2.1100643,0.0,1.1444087,0.0,3.6720204,2.0929575,0.0,0.0,0.0,0.0,0.95027095,1.2140125,0.0,1.0090743,0.0,0.0,0.6332426,0.49410897,0.0,0.0,0.0,0.0,0.0,0.0,0.0,1.1982789,0.0,0.0,0.0,0.0,0.0,0.0,1.2140934,0.0,0.0,0.0,0.16977441,0.0,0.0,0.0,0.0,0.0,0.0,2.4098659,5.84016,6.7334776,0.0,0.0,0.0,0.0,0.0,0.0,0.8857666,0.0,0.0,1.8444872,0.0,0.4321818,0.0,0.0,0.0,0.0,0.0,1.543635,0.0,0.2136859,0.0,0.0,0.0,0.06838232,0.0,0.0,0.0,0.0,6.967958,0.0,0.0,0.0,0.0,2.2692006,0.0,0.0,0.0,3.1739354,0.0,0.0,0.0,0.69980294,0.0,0.0,1.4404459,0.7494401,0.0,3.9605687,0.7227941,0.0,0.0,0.0,0.0,0.0,0.0,0.0,0.0,0.0,0.0,0.0,0.0,0.16184294,1.0096684,0.0,0.0,0.0,0.0,1.9019605,0.0,0.0,0.0,2.562682,0.99209213,1.9080853,0.7486907,0.9071608,0.0,0.0,2.7049205,0.0,0.70229536,0.0,0.0,0.0,3.4973776,0.41718853,2.2886283,0.0,0.0,0.13955605,4.2884126,0.0,3.112656,0.0,0.49807692,3.8651457,0.0,0.0,0.52684605,0.0,0.0,0.0,0.0,0.0,1.1982733,1.2080244,0.0,0.0,0.0,0.0,0.0,0.0,0.0,0.0,0.0,0.17027596,0.9786489,2.8019707,0.0,0.0,0.0,0.1061638,0.0,0.0,0.0,5.8790994,0.0,0.0,0.0,0.8927627,0.0,0.0,0.0,0.0,0.0,0.0,0.0,0.0,0.0,0.0,0.0,0.0,0.0,0.0,0.0,2.6756997,0.8352474,0.0,0.0,0.64239544,2.0508363,0.0,1.8481498,2.8771842,0.0,0.0,0.0,0.0,0.0,0.0,0.0,0.8578324,0.8398149,1.0649742,0.0,0.0,0.0,0.0,0.0,0.0,1.83965,0.0,0.0,0.0,0.0,0.0,1.4987104,0.0,1.4217825,0.71570516,0.0,0.0,0.1632849,4.9604416,0.0,2.184489,0.0,0.0,0.39471048,1.3805108,0.46376646,0.0,0.0,0.0,0.16236943,0.54511344,0.0,0.4678598,0.0,0.0,2.7925398,1.6716697,0.0,0.0,1.1600149,0.0,0.0,0.0,0.0,3.654498,5.194725,0.0,0.0,0.0,0.0,0.0,0.0,0.0,2.116274,0.0,0.0,1.8020079,2.4946694,0.0,0.0,0.0,0.0,0.0,0.0,1.8762811,1.7207103,2.1754322,0.0,0.0,0.5295751,0.0,0.0,0.0,3.3703947,0.14309067,0.31074405,0.0,0.0,0.0,2.3212206,0.4567298,1.1017818,0.0,0.0,0.0,0.0,0.0,0.39178038,2.4386964,0.0,0.0,0.0,0.0,0.0,0.0,2.633749,1.3428767,0.072889715,0.0,0.0,0.0,0.0,0.5667697,0.7131744,0.8499117,1.2171314,3.1237657,0.0,0.0,0.0,0.80491936,0.0,0.07013434,0.0,1.0538234,1.728229,0.0,4.7979426,0.0,0.0,0.0,0.0,0.0,0.0,4.81267,0.0,0.0,0.0,0.0,1.7291284,0.0,0.0,0.0,1.184871,0.0,0.0,0.0,1.9656885,1.3082237,1.7962646,0.0,3.6371784,1.5039403,0.0,0.0,0.0,0.0,0.0,0.0,0.0,0.6522526,1.0185018,0.0,0.0,1.3173642,0.0,1.7972944,0.0,0.0,0.0,1.1557338,1.8185556,2.5430176,0.0,0.0,0.0,0.0,1.781466,0.0,0.37163517,0.120556384,0.0,0.152908,0.0,2.254125,0.0,1.1132848,0.0,0.41522956,1.1886734,0.0,0.0,1.74876,0.0,0.0,0.0,0.0,0.0,0.0,0.0,0.0,0.0,1.2491509,0.0,1.6533692,0.0,1.0101383,1.9109341,0.0,1.8859112,0.0,0.0,0.82875323,0.0,0.0,0.06905019,0.0,0.0,0.0,1.8663714,0.8176478,2.3320909,0.0,0.84440875,0.0,0.0,0.0,0.0,0.0,0.0,0.16249475,0.0,0.0,2.4537997,1.6240059,0.0,0.0,0.0,0.0,0.0,1.504406,0.0,1.2726636,0.0,0.0,0.0,0.0,0.37306365,1.0687778,2.6098356,0.0,0.07485989,0.0,0.0,1.3588158,0.0,0.0,0.7631381,0.0,0.0,0.9629458,0.35419452,1.1887915,0.0,0.0,0.0,1.4262049,0.0,0.0,0.0,0.21563524,0.0,2.3737164,0.0,0.0,0.0,0.0,0.0,0.39116517,3.9193046,0.0,3.217817,0.0,0.0,1.1122715,1.3040622,3.1191044,0.0,2.740765,0.0,1.6252769,2.3971598,1.1895618,0.0,0.0,0.0,2.1667094,1.9317172,0.0,0.41358334,0.0,0.0,1.4362197,0.0,0.5515325,0.0,0.0,0.0,0.2162061,0.45965013,1.567836,2.9408665,0.0,0.0,0.0,1.9069748,0.0,0.0,0.334598,2.7459412,0.0,1.2604264,0.0,0.0,0.03390652,0.0,0.0,0.0,0.0,0.19833842,0.0,0.1681897,0.0,0.0,0.43125504,0.0,0.9176461,2.4490285,0.0,0.0,2.5323272,0.0,2.0414884,0.0,1.7468252,0.0,3.0385852,0.0,0.63929176,0.0,0.0,2.012111,0.0,0.0,0.0,1.3633168,0.0,0.0,1.6508951,0.0,2.2821827,0.0,0.21277815,0.35266033,0.0,1.1503305,3.8926368,0.2144618,1.3114147,0.0,0.0,0.0,0.0,0.0,0.0,0.0,0.0,0.0,0.0,0.0,1.4337507,0.0,2.9500055,0.0,0.0,0.0,4.223552,0.0,0.0,0.0,0.0,1.0881321,0.0,0.0,2.3880372,2.909453,0.23278728,2.8811135,0.28638318,0.0,0.0,3.2276247,0.74466175,0.06333393,0.45944926,0.0,0.0,0.0,0.7225949,1.9496549,1.859126,1.6466428,1.745137,0.0,0.2690197,1.369389,0.0,0.0,0.0,0.0,0.0,5.454221,2.05322,0.41191018,2.5529807,0.0,0.0,1.8452666,0.44789776,0.0,0.0,0.0,0.0,0.0,0.0,0.0,0.0,0.0,0.0,0.0,0.0,0.0,0.0,0.0,0.0,0.0,0.0,0.0,0.0,0.0,0.0,1.8315494,0.0,0.051478446,0.0,0.0,0.0,0.0,0.44502896,0.0,0.0,0.0,0.0,0.0,0.0,4.228036,0.9910447,0.0,0.0,1.0001668,0.0,0.0,0.0,1.9626868,4.05094,3.3080747,0.0,0.0,0.0867337,0.0,0.0,0.0,2.5983543,1.0351454,0.42546713,1.7014604,0.0,0.0,0.0,0.0,1.5562246,0.0,0.0,0.0,0.0,0.0,3.3971238,3.624322,2.2051768,0.35420847,0.0,0.0,0.0,0.62035495,1.0426549,0.0,1.479641,0.0,0.0,0.0,0.9373013,1.4999433,0.0,0.0,1.0488578,0.30056107,0.0,0.0,0.0,0.9316117,1.3159126,0.0,0.0,4.4753323,0.0,0.0,0.0,0.0,0.0,0.0,0.0,0.0,0.0,0.009991109,0.0,0.0,0.0,0.0,0.0,0.0,0.08540863,1.1647102,0.77382624,0.20488784,0.0,0.0,0.0,0.0,0.0,0.0,0.0,0.5231605,3.818735,0.0,2.8304846,0.0,0.0,0.0,1.0718747,0.0,0.0,0.41176403,0.51866937,0.0,1.3329877,0.0,0.0,0.0,0.0,0.0,0.0,0.0,2.751306,0.07558799,0.0,0.0,1.2430907,0.0,0.0,2.95612,0.0,0.0,0.0,0.80649585,2.142179,0.24696301,0.0,2.3013113,0.0,0.6655958,0.0,0.0,0.0,1.6200421,4.5903378,0.0,0.0,1.0019097,0.0,3.0329783,0.56078684,1.7364593,0.0,1.3931355,0.0,2.8266966,1.8030558,0.0,0.0,2.2099617,0.93525654,0.0,0.0,0.0,0.22401085,0.0,1.4051669,0.0,0.0,0.0,0.0,0.0,0.0,0.0,0.0,0.053188622,0.0,0.0,0.0,0.6156784,0.0,1.2707719,0.0,0.0,0.0,0.0,2.466297,2.3035164,0.0,0.0,0.0,0.0,0.0,1.3030674,0.0,0.0,0.0,0.0,0.0,0.0,1.2129562,1.0575732,0.0,1.625536,1.5094095,0.0,0.0,0.0,0.0,0.0,0.0,2.1772256,2.9762537,0.0,0.0,0.0,0.76091015,3.143197,0.0,0.0,0.0,0.0,0.0,0.61720157,0.0,1.1244115,0.0,0.5546463,0.0,0.0,0.0,0.0,0.9557369,3.0934844,0.0,0.0,0.039168417,0.0,0.0,0.64326566,0.0,0.0,0.0,0.0,1.466713,0.0,1.1913885,0.0,0.0,1.1044533,0.0,3.2543,0.0,0.0,0.4100844,0.0,0.0,0.0,0.0,1.974924,0.0,0.0,1.1584957,3.1827571,6.452188,0.0,0.0,0.0,1.7205465,2.3708167,0.5365616,1.717503,0.0,3.6086984,0.0,3.4096107,0.5080523,0.0,2.3967152,0.0,0.0,0.0,0.6946462,0.0,0.2389338,2.789149,0.0,0.0,1.2334707,1.7908578,0.0,0.0,2.2800765,0.0,1.5741708,2.543148,0.0,0.3236275,0.0,0.37228924,0.46043745,0.0,0.0,1.9835424,0.3768258,0.0,0.0,0.5875385,0.0,0.0,1.2310019,2.5312073,1.7612449,0.0,2.684592,1.5981317,0.61315995,0.0,0.0,1.4362432,0.0,0.0,1.6177545,0.0,1.04265,0.0,0.15623316,0.33988056,0.0,0.0,0.0,0.111116886,0.77124435,1.7679757,0.466811,1.4800897,1.5273368,0.0,0.0,4.852483,4.201651,0.0,0.0,0.0,1.8899133,0.3104281,0.0,0.6567723,0.0,0.0,1.7732353,0.0,0.0,0.0,1.0034143,0.0,0.53948635,0.0,0.0,0.056483746,3.0077448,0.36167955,0.0,0.62234056,0.0,0.0,0.0,0.0,0.9837827,0.0,0.0,0.0,0.28686315,3.1267588,0.8259059,0.0,0.0,1.1467352,0.0,0.0,0.0,0.0,0.0,0.39313048,0.0,3.5678363,0.0,0.0,0.0,0.0,0.0,0.34286928,0.0,0.0,0.0,0.0,0.0,0.67739356,0.0,0.0,0.0,0.0,0.0,0.0,0.0,0.0,0.72352946,0.0,0.27359244,5.2515187,0.0,0.0,1.7985477,0.0,0.0,1.9227151,1.5221546,0.0,1.7038827,0.0,0.88383436,0.0,0.0,0.038790584,0.0,0.9102063,0.0,1.2984767,1.0593362,0.0,0.0,0.0,1.9590213,0.0,0.0,0.0,0.0,0.0,0.75817,0.0,0.0,2.3343916,0.0,0.0,0.38042966,0.0,0.0,0.0,0.0,3.1635206,0.0,0.0,0.18354774,1.2883791,0.0,0.0,2.7015684,0.0,1.291692,0.0,0.0,1.2487853,2.4119024,0.44364747,0.0,0.0,0.0,0.22529623,0.0,0.0,1.7465475,0.0,3.221949,0.0,0.0,0.90892446,0.0,0.0,0.0,0.0,2.2153404,0.0,0.3992942,0.07866514,2.0854988,0.0,1.2483804,1.0800762,0.0,0.0,0.0,1.1894184,0.0,0.0,2.6007102,2.1510072,0.0,0.0,0.0,0.0,2.3207595,0.0,0.74575233,0.0,0.0,0.0,0.0,4.1169915,0.0,0.376763,0.0,0.0,0.0,1.7212789,0.784989,0.0,2.7590747,0.0,0.0,0.0,0.0,0.73584044,0.0,0.0,1.8318868,0.0,0.0,4.203836,0.87711644,2.4463465,6.4662356,1.5865859,0.0,0.0,1.8875046,0.0,1.3750969,0.0,0.0,0.0,0.0,0.77985954,0.0,0.0,2.07382,0.0,0.96923363,0.0,0.0,0.0,0.0,1.4381678,0.0,2.20807,0.0,0.0,0.0,0.0,0.0,0.0,1.3918115,1.155503,0.5825387,0.0,1.9837215,0.0,0.8036723,0.10589361,0.0,0.19991785,0.0,1.0510552,0.0,0.0,0.0,0.0,0.0,0.0,0.0,0.6102277,0.8571007,0.0,0.0,0.0,0.0,3.068994,0.0,0.0,0.0,0.0,0.37558937,0.0,0.0,0.0,1.6034201,0.0,0.0,3.104967,0.0,0.0,0.0,0.8626094,0.20078859,1.8112519,0.0,0.0,0.0,1.3077219,0.0,0.0,0.0,1.0664713,0.0,0.0,0.0,0.0,1.863268,0.50552046,1.2463806,0.0,0.84414625,0.82820857,0.6318619,0.0,0.0,1.303219,1.6496333,4.673471,0.0,0.0,1.8155487,1.769624,0.9992337,0.0,0.0,0.0,0.0,0.0,0.0,0.39807686,2.303648,2.1728837,0.0,0.0,3.8788896,0.0,0.0,0.0,0.0,0.009917378,0.0,0.0,0.0,0.0,0.97702956,0.0,2.6081738,0.0,0.0,0.0,0.0,0.0,0.0,0.0,0.0,0.0,0.0,0.0,1.6942563,0.0,0.0,1.2701545,2.7922072,2.6678615,0.0,0.0,0.0,2.4678757,0.0,0.0,0.6932061,1.038354,0.0,0.0,0.0,3.9860868,0.0,0.0,0.0,0.0,3.1658387,0.0,0.7660011,2.5310988,0.0,0.0,0.0,0.0,2.3878016,0.0,0.0,0.0,0.0,0.0,0.0,3.120969,2.979277,0.0,1.6563166,0.7186941,0.30530623,0.0,2.4053502,0.0,1.1095228,0.0,0.0,1.2143412,0.0,1.3703547,0.0,0.0,0.0,3.7560449,0.0,0.0,1.0152851,0.0,0.0,0.7059983,1.2215004,0.80373704,0.0,0.0,1.7837858,0.0,0.0,0.0,1.304684,0.03840089,0.20694458,1.0859919,0.0,0.0,1.0381095,0.0,0.0,1.5788062,0.0,0.6586381,0.0,0.0,0.0,0.0,0.38236678,0.75456506,0.0,0.0,0.0,0.0,0.0,0.0,0.8907319,2.7012997,1.1653225,0.0,0.0,2.3153398,1.9502279,0.0,0.78011227,0.0,0.0,0.0,0.0,0.90114945,0.0,0.0,0.0,0.0,0.0,0.37834594,4.130484,0.0,1.2334278,0.0,0.0,0.0,0.0,0.0,0.0,0.0,0.0,0.9060341,0.0,0.0,1.9803671,0.0,0.0,0.0,1.5910037,0.0,0.0,0.0,0.3797996,0.0,0.0,0.0,1.0283697,1.266046,0.0,0.0,2.3546035,0.0,0.0,0.0,0.0,0.08426273,0.0,0.0,0.0,0.0,0.37596694,0.0,0.0,0.0,0.14290613,0.0,0.0,0.0,0.0,0.0,0.57067674,0.0,0.0,2.0860891,0.0,2.2549295,0.0,1.0017253,0.8567693,3.0821452,0.0,0.0,0.0,0.0,0.0,1.7010679,0.0,0.0,0.0,0.0,0.42749077,0.0,1.9380791,3.133572,0.0,0.0,0.2205841,0.0,0.14462024,0.0,0.0,0.0,0.0,0.0,3.23911,3.3848677,1.6942339,3.2211568,0.0,0.0,0.0,0.0,0.0,0.014350891,0.0,1.2833459,2.2547586,0.0,0.5563662,5.844349,0.0,0.0,0.0,0.1011129,0.0,0.2175985,0.0,4.8386683,0.97920716,0.0,0.0,0.0,0.0,0.0,0.0,1.9494786,0.0,0.0,1.8061056,0.35554224,0.0,0.0,0.0,0.0,0.0,0.0,0.7136717,0.0,0.0,1.4655132,4.043995,1.8442688,0.0,0.0,0.80190986,1.4229567,1.8485715,0.0,0.0,0.0,0.0,1.6046128,0.0,0.0,0.0,0.0,0.0,0.0,0.0,0.46194845,0.0,0.0,0.0,0.0,2.8309054,2.993409,0.0,0.0,0.0,1.3017479,0.0,0.0,0.0,0.0,0.26018572,0.0,3.13512,0.0,4.5494595,0.0,0.0,0.0,1.4550629,0.0,1.8455963,1.0364678,0.0,1.9406294,0.0,1.2945678,0.18961203,0.0,2.8006177,0.6004329,0.0,0.0,0.51431507,0.0,0.0,1.5166965,0.0,0.0,4.9592175,2.843339,0.0,0.0,0.26149106,0.0,0.0,0.0,0.0,0.0,0.0,1.6935289,0.0,0.0,2.324237,0.0,0.7271681,0.0,0.0,0.0,0.0,1.6492748,0.89902383,0.6706744,0.0,0.0,0.0,2.0306444,0.60258913,0.0,0.0,1.2604486,0.0,0.0,0.42216128,0.0,1.5598806,0.0,4.8966,4.107246,1.189614,1.234241,2.3735695,0.0,0.0,3.1325116,0.0,0.0,3.6148021,0.0,2.0123405,0.0,0.0,1.0950859,0.0,1.2806455,0.0,0.0,0.29848987,2.118828,0.0,0.53787434,2.1999881,0.0,0.0,3.993538,0.8618179,2.2469003,0.0,0.0,0.0,1.5332134,0.0,0.0,0.0,0.0,0.0,1.0538785,0.27892894,2.2474847,0.0,0.0,0.2745542,0.0,0.0,0.0,0.656277,0.0,0.0,0.0,0.0,0.0,0.0,4.0423303,0.0,0.0,0.0,1.2703024,0.0,2.9972832,1.5431308,1.4009196,0.0,0.0,0.0,1.6442788,0.0,0.0,1.7796417,0.9696919,0.0,4.35626,0.121337235,0.0,0.0,0.0,0.0,0.0,0.0,0.0,4.3329945,0.0,0.0,1.0184865,1.1802051,1.6281393,1.4097171,2.4130473,1.0720243,0.0,0.0,0.0,0.0,0.0,2.2975335,0.29788584,0.0,0.0,0.0,1.2969469,0.9935166,0.0,0.9007629,0.81957424,0.0,0.0,0.0,1.3252367,0.0,0.0,0.44355482,0.0,0.0,0.0,0.0,0.0,0.0,0.0,2.2974613,0.0,0.0,0.0,0.04395041,0.0,0.0,0.0,0.0,1.3163807,1.2860801,0.0,1.7671927,0.45510793,0.0,0.0,0.0,0.0,0.0,0.0,0.0,0.0,0.0,1.5455968,0.9977134,0.6929797,0.0,0.92530537,0.0,1.7460897,0.22563303,0.0,0.0,2.790784,0.0,0.8669165,0.0,0.0,0.0,0.18567604,0.0,0.6019033,0.108331025,0.0,0.0,5.115449,0.0,0.0,5.103013,0.0,3.3482127,0.013961226,4.0439982,0.0,0.0,0.0,0.19908556,0.595605,0.0,0.0,0.0,0.0,0.6354978,0.91573644,0.0,0.0,0.0,1.2870967,0.0,0.0,0.0,0.0,0.0,0.0,1.2548133,1.4571326,0.0,0.0,1.3422623,0.0,4.1577806,0.42603707,0.0,1.7671888,0.0,0.0,0.0,0.6031789,2.2475662,0.0,0.43719184,0.0,0.0,0.0,0.0,0.19891988,0.0,0.0,0.30231845,0.0,0.0,0.0,0.7477466,1.4691312,0.0,0.0,3.2501333,0.0,0.0,1.8475578,0.0,0.0,0.0,0.0,3.3411539,0.0,0.0,2.6272168,0.0,0.0,0.0,0.8453562,0.0,0.0,0.0,0.0,0.502303,0.0,0.0,0.0,0.0,0.0,0.0,0.0,0.0,0.0,0.0,0.0,0.0,0.0,1.8471521,0.044788837,0.0,0.0,0.0,0.0,0.9376502,0.3733577,0.0,0.0,1.4115193,0.0,0.0,0.0,0.0,0.0,1.3804088,2.0912127,1.2424972,0.0,0.0,0.0,0.0,0.0,0.0,0.029691264,0.0,0.0,0.0,0.03923714,0.0,0.33764917,2.9302406,0.24680829,0.0,0.0762077,0.0,0.65212476,0.0,1.202275,0.0,2.043397,1.8316658,1.7074171,0.0,0.0,0.0,0.0,0.0,0.0,0.0,1.5044808,0.0,2.262176,0.8566171,0.049546063,0.28263882,0.0,0.60377574,2.4884262,0.0,1.5666761,0.0,0.0,0.5368532,2.1506655,0.0,0.0,1.7355695,0.27576178,0.0,0.0,0.0,0.0,0.0,0.0,0.0,0.4899755,0.13361394,0.0,0.0,0.0,0.0,0.0,2.7330136,0.0,0.69249606,0.836362,0.0,2.0659149,0.0,0.0,0.0,1.2971275,0.7029803,2.1773653,0.0,0.0,2.896363,4.0355134,0.80134815,0.36677232,0.0,0.0,0.0,0.0,0.0,0.41845852,2.4097462,1.4721467,0.0,0.4262147,0.0,1.7535802,0.0,0.0,0.0,0.0,0.0,0.0,0.0,0.3290428,0.0,0.04346028,0.0,0.6712235,0.0,0.0,0.0,0.42961872,0.0,0.0,0.0,1.081408,0.0,1.7746406,1.3023113,0.0,0.0,0.0,0.92574596,0.86894697,0.0,0.0,0.0,0.0,0.0,0.0,0.0,4.1693273,0.0,0.0,0.0,0.0,0.0,0.0,0.0,2.9878793,0.2642697,0.0,2.5441072,1.7595824,3.6173775,2.9235902,0.0,0.0,0.0,0.0,0.0,1.8279784,5.1217647,0.0,0.0,0.0,2.0501852,0.0,0.0,0.0,0.0,0.45822737,0.0,0.0,0.0,0.2522769,0.50161505,1.7187846,2.7216733,0.0,0.0,1.9074678,0.0,0.0,0.0,1.0869112,0.0,0.0,0.0,0.24433073,0.0,0.0,1.1813052,0.0,1.0911715,1.125835,0.0,2.2064462,0.0,0.0,0.30468678,0.0,2.3192225,0.0,0.0,0.0,2.3312383,1.6112789,3.9174514,0.0,0.0,0.0,0.0,0.0,0.0,2.3377287,0.0,0.0,0.0,0.0066331327,0.0,1.176002,0.0,1.202662,0.64149714,0.0,0.0,0.101234555,0.0,0.0,3.242611,0.73421896,0.0,1.3770201,1.0129111,0.0,0.0,0.76464045,0.0,0.0,0.0,0.0,0.9896324,1.4389837,1.0248106,1.2004869,0.0,0.0,0.11186695,0.9990228,2.10614,0.0,0.0,1.8927585,0.0,0.0,0.0,0.0,0.0,0.74921507,0.0,0.0,0.0,0.0,0.98995006,0.0,0.0,1.5467746,0.0,2.2741492,0.8012055,3.6147492,0.0,0.0,0.0,4.8278866,0.0,0.0,0.0,0.8358333,0.0,0.0,0.0,0.0,0.0,0.74939245,0.8764025,0.7432138,0.0,1.1778882,0.1258269,1.9706976,0.0,0.9702927,0.0,0.0,3.1450107,0.0,0.0,0.6530956,0.12283337,0.0,0.0,4.7681093,1.4639649,0.0,1.7390764,0.07269299,0.0,0.0,0.0,4.6154757,3.4010308,0.0,0.0,0.0,1.4221075,0.0,0.0,0.20267487,1.101875,0.0,0.0,0.0,1.7785604,0.0,0.0,0.4533915,0.0,0.0,0.68367445,0.0,2.9267,0.0,0.0,0.0,0.0,1.7577627,0.0,0.0,0.920161,0.42564282,0.0,3.0267177,0.93542635,0.0,2.7113326,0.0,0.0,0.0,0.0,0.0,0.0,0.0,0.0,0.0,0.0,3.4732325,2.5790288,0.56407917,0.37443653,1.1753242,0.0,0.0,3.4500124,0.0,0.0,0.0,2.6833856,2.3093061,0.49841756,0.0,0.0,0.0,0.0,0.0,0.0,0.0,3.8477721,0.0,0.0,0.29673982,0.0,0.0,0.0,1.1100621,0.0,1.5833786,0.0,0.30456787,1.5703752,0.0,0.0,4.898822,1.6826775,0.0,0.0,0.0,0.0,0.0,0.41974935,2.3430033,0.0,0.0,0.0,0.24920166,1.4152403,0.43018267,0.0,0.0,3.7599144,0.0,0.0,0.0,0.33228952,0.0,0.0,0.0,0.0,0.6060699,0.0,0.0,0.0,0.0,3.4688933,0.0,0.0,3.1245184,0.5865235,4.3775153,0.0,0.0,0.0,0.0,0.0,0.0,1.4836526,0.0,0.0,0.0,3.3407238,0.0,0.0,2.0640023,0.0,0.78826904,0.0,0.0,1.7796276,0.0,0.0,3.9483063,0.48027948,0.0,0.0,0.40183175,0.0,0.59917855,0.0,2.2883976,1.470943,1.4350107,0.0,0.16561812,0.012987375,0.0,0.08654004,0.0,0.0,0.0,0.0,0.0,0.48621792,0.53637254,0.0,0.0,0.0,0.0,0.0,4.0211124,1.7928596,0.0,0.0,2.964684,1.3041307,0.0,0.0,1.8873843,0.0,0.0,0.41722035,0.0,2.2242856,2.0523484,0.0,0.0,0.0,0.0,0.0,0.0,0.0,0.0,0.0,0.0,0.0,0.0,0.0,0.0,2.3234425,0.23094903,0.0,0.0,0.0,0.0,0.0,0.0,2.7480538,0.0,0.0,0.0,1.0300705,0.0,0.6011715,0.0,1.5532305,0.0,1.6453418,0.0,0.5968706,0.0,0.0,0.67434967,0.78790617,2.4462538,1.3133407,0.0,0.0,0.0,1.2934968,1.2230866,0.0,0.0,0.0,0.0,0.0,0.0,0.0,1.1308639,0.0,0.0,0.0,1.5152442,0.19932845,0.0,0.0,0.0,0.0,0.28683484,0.0,0.0,0.0,0.0,0.0,0.0,4.373554,0.0,0.0,0.0,0.0,2.5527163,1.2296075,4.30541,0.0,0.0,0.0,0.0,0.0,5.244455,0.0,0.0,0.0,0.0,0.0,0.0,0.0,0.62580854,0.0,0.0,0.86797863,0.48456717,0.0,0.0,0.025437653,1.1896037,0.0,0.40549988,1.9204834,0.0,0.0,0.0,0.0,0.0,0.0,0.0,0.0,1.4713173,2.2186525,2.0697417,1.2432761,0.0,0.0,0.0,0.0,0.51378655,2.6753569,1.0799278,0.31337127,1.1242507,0.0,0.0,1.384392,0.0,0.48539782,0.0,0.0,0.0,0.0,0.0,0.0,0.0,3.8709476,0.0,2.102487,0.0,0.0,0.0,0.0,0.9908705,0.0,2.3342123,0.0,0.0,1.0834911,0.0,0.0,0.0,1.0859699,3.5619035,0.0,1.2059997,0.0,0.0,0.0,4.505713,0.0,0.0,0.0,0.5484745,0.0,0.0,0.0,2.9083467,0.0,1.00612,0.0,0.0,0.8466856,0.0,0.0,0.0,0.9011483,0.7508888,0.0,3.3775606,0.0,0.0,1.4753311,0.0,0.0,0.0,0.0,0.0,0.0,0.0,0.35336107,0.53179985,0.08288252,0.0,3.9843504,0.769963,0.0,0.0,1.2672806,0.0,0.0,1.9095863,0.0,0.0,2.0958228,2.7843146,0.0,1.8505347,0.0,0.0,4.166909,0.0,0.21948516,1.0186727,0.0,0.0,0.77162087,0.0,1.5060254,0.24027365,0.0,0.10414904,0.0853914,0.0,0.0,0.0,0.0,0.0,0.0,0.0,0.0,0.0,3.1820855,0.0,0.0,1.1975132,0.0,0.0,0.0,2.2822664,0.0,0.0,4.5796833,0.11317626,0.0,0.0,0.0,0.16160035,0.0,0.0,0.0,0.050275862,0.0,0.0,0.0,1.8949885,0.0,1.9550661,0.0,0.0,0.0,2.2204816,0.0,0.70596015,0.0,3.35943,1.8650522,3.2024896,0.0,0.0,0.0,0.0,0.0,0.0,2.1758785,4.5217295,0.0,0.0,0.0,0.0,0.0,0.0,0.6185379,0.36254495,0.0,0.0,0.0,1.5164342,0.32274288,0.0,0.0,0.0,0.21285677,0.0,0.0,0.34124264,1.3894901,0.0,0.0,3.0344036,1.4780736,1.4322708,0.0,0.0,0.3830107,0.0,0.0,0.0,1.1145608,0.0,0.55324316,4.272226,0.0,2.5025604,3.4890306,0.0,0.0,0.0,0.0,0.0,0.0,0.0,3.256662,1.0553632,0.0,1.3889203,1.6043819,4.6855164,0.0,0.0,4.08248,0.0,0.0,0.0,0.0,0.0,0.0,5.913437,0.45874563,0.0,0.0,0.0,0.0,1.5401617,2.706253,2.4647996,0.0,0.0,0.0,0.0,1.0687875,0.0,0.0,2.0618072,2.429244,0.0,0.93214303,2.2478406,0.0,0.0,0.0,0.0,0.7607467,1.3294909,0.0,1.8034345,0.1732957,1.0891955,1.2735263,0.0,0.0,0.0,0.0,1.814007,0.0,0.0,0.0,0.0,0.0,0.7087412,0.24838805,1.4673967,1.032649,3.4667091,1.1712844,0.0,0.0,2.2317896,1.8281097,0.0,0.0,0.0,0.0,0.0,0.5872065,0.0,2.7794561,1.2491883,0.0,0.0,2.007695,3.3710945,0.0,0.13875377,0.6820861,0.0,0.0,0.0,0.38354498,0.0,0.0,0.0,0.67082393,0.0,1.0957943,0.0,0.0,0.0,1.4585309,0.0,3.1431456,3.6798499,0.0,0.0,0.0,0.0,0.0,1.8006561,0.40456855,3.378632,1.1164145,1.3003223,0.0,0.0,1.8698676,0.0,0.0,0.0,0.0,0.0,2.1862717,0.57645726,0.6788025,0.0,0.0,0.56626666,0.9805399,0.0,2.1210651,0.0,0.0,0.0,0.0,2.6137228,1.583554,0.0,2.3770332,1.0748105,0.0,0.0,0.0,4.6830616,0.0,0.0,2.1056,0.0,0.0,0.7088925,0.0,0.0,1.9098876,2.535394,0.0,1.9786348,0.0,0.0,0.0,0.19602352,0.0,0.0,0.0,4.3204904,0.0,3.9695556,0.0,0.0,1.633585,3.120009,0.0,0.0,0.0,2.6915927,0.0,0.0,0.0,0.7361121,1.0005074,0.0,4.5867367,2.5184128,2.6755016,0.0,0.0,0.08413947,0.0,0.0,0.0,0.0,0.0,0.0,0.0,4.9239516,0.0,0.0,3.4831207,0.0,0.0,0.0,0.0,0.0,0.0,0.0,0.0,0.14510453,0.0,0.0,1.6904528,0.0,0.0,0.7061895,0.0,0.0,0.0,0.0,3.9441333,0.0,4.196837,1.2595217,1.5609071,0.0,1.8652036,1.3755817,0.0,2.4752254,0.95744234,0.0,1.6366241,0.0,0.0,0.5510228,0.0,0.0,1.6816003,0.0,0.0,0.0,0.0,3.4480104,0.0,1.7684113,0.0,0.0,0.89651024,0.0,1.4771632,0.0,0.0,3.3305907,0.0,0.0,0.25394103,0.0,2.5424411,0.0,0.6027827,2.361125,1.3576514,0.0,0.0,0.0,0.0,0.0,0.0,0.2971654,0.0,0.0,0.0,1.4110007,0.0,0.0,0.0,0.0016490221,0.6287806,0.0,0.0,0.46664822,0.0,0.0,0.0,0.49260098,0.0,4.0447335,0.0,0.0,0.0,0.0,0.0,0.40237957,0.0,0.0,0.0,0.0,0.0,0.73682433,0.75651014,1.517201,0.0,1.6889896,2.711072,0.8001389,0.0,0.0,0.22262995,0.0,0.064466655,0.0,0.29279643,0.0,0.0,0.0,0.0,3.0644748,0.0,0.9800837,0.0,0.0,0.0,0.0,0.0,0.0,0.0,0.0,0.80182314,0.43104678,1.0393343,0.98849773,0.0,0.0,0.0,0.0,0.0,0.13265544,0.0,1.6398498,3.599732,0.0,1.2581677,0.055731386,0.0,0.0,0.0,1.6178484,0.3525139,0.0,0.0,1.073673,0.0,0.0,1.734632,1.1946949,0.29212558,0.0,1.4147756,3.234058,0.0,0.0,2.203678,0.0,0.29625735,1.7756683,0.0,0.0,0.0,0.0,0.0,0.0,0.0,2.0388734,0.0,3.6927571,1.0484297,1.2641573,0.0,0.0,0.08325684,0.1704576,0.53301644,0.0,0.0,2.2603135,0.0,0.0,0.0,0.0,0.0,0.0,0.0,0.0,1.9884765,0.0,0.0,0.93825155,0.9084295,3.1789823,1.5274161,0.0,0.0,1.1473739,0.0,4.030882,0.0,0.0,0.0,1.6041229,0.0,1.9605389,0.0,0.0,0.0,0.0,0.032538652,0.0,4.169132,1.6864028,0.0,0.0,0.0,0.0,0.0,0.0,4.5160494,0.0,2.008421,0.0,3.8126242,0.0,0.0,0.6248524,0.0,0.0,1.9774667,0.0,0.0,0.0,2.0293558,0.0,0.2440539,0.19545048,0.0,0.5429965,2.8150501,0.0,0.0,0.0,0.0,4.429217,1.436182,0.0,0.0,0.0,0.0,2.013423,0.8671069,0.0,2.8387306,1.0640622,0.0,2.9563951,1.0970759,0.0,0.0,0.0,0.0,1.5914919,0.0,0.7993547,0.0,0.0,1.9389877,0.0,0.0,0.0,0.0,0.5940051,1.2753271,0.0,0.0,0.0,3.070233,7.6951222,0.0,0.0,0.0,0.0,0.0,0.0,0.0,1.0851859,0.0,2.4692774,0.0,0.0,0.0,1.2984451,0.0,1.4815578,0.0,0.0,1.466542,0.0,0.0,0.0,0.0,0.0,0.0,0.36722973,2.3222234,0.0,0.0,0.0,0.55226827,0.4139656,1.2788284,0.8795888,0.0,1.7231953,0.040786386,0.0,0.086643934,0.0,1.5933625,0.0,0.0,0.0,0.0,0.08029115,2.1684482,0.0,0.0,2.3166003,0.0,0.0,0.48810497,0.0,0.0,2.1939526,0.0,0.0,0.0,0.6207354,0.0,0.0,0.0,2.6938035,0.0,0.0,0.0,0.0,1.0586951,4.2537684,4.9142575,0.0,0.0,0.0,0.0,1.6154974,0.97851,0.0,0.0,0.0,2.635755,0.0,0.0,0.06558463,0.2604562,0.0,0.0,1.5286882,0.85564804,0.0,0.0,0.0,0.0,2.1211345,0.99447376,0.33265382,0.0,0.19310412,0.0,2.3010426,0.0,0.0,0.0,0.0,0.0,0.0,0.0,1.5547528,0.0,0.0,0.0,0.0,0.0,1.327719,1.763455,2.154551,0.0,0.0,0.0,0.0,0.0,0.0,1.2226278,0.0,0.0,0.9377469,0.0,0.8509435,0.0,0.0,0.0,0.0,0.0,1.8263563,1.4196966,0.0,0.0,0.0,0.40235978,4.216474,0.0,1.0597239,1.7655586,3.3716683,0.2545892,0.0,1.5133245,0.0,0.0,0.0,0.0,0.0,0.0,2.4899046,0.56474423,2.7402074,2.3011136,0.0,0.0,0.0,0.0,0.0,0.0,0.0,0.0,2.348206,0.0,0.0,0.0,0.0,0.0,2.0348077,0.0,1.7862079,0.0,0.84545535,0.0,0.0,0.0,0.0,0.0,3.151676,1.1534994,0.0,0.0,0.0,1.3639696,1.887913,0.0,1.2747463,0.0,0.0,0.495039,0.3937795,0.0,2.4814103,2.3949413,0.0,0.0,0.9166453,0.0,4.883844,0.0,1.378583,0.0,0.0,0.0,0.0,2.0627928,0.0,1.762984,0.0,0.17478651,0.15978181,0.0,0.0,0.88177806,0.0,0.0,0.32327637,0.0,0.7494327,0.0,0.0,0.0,1.2179577,0.0,0.0,0.0,1.3768377,0.0,0.0,0.0,1.0550544,0.40101904,4.1592836,0.0,3.1462743,0.07879695,1.0524292,4.314264,0.0,0.0,0.7267724,0.0,0.0,0.0,0.0,0.0,0.0,1.1547222,0.0,1.9572866,0.0,0.21571606,0.0,0.0,0.0,0.0,1.6786885,1.9584739,0.506461,0.0,0.0,0.0,0.0,0.0,0.0,0.96923083,0.0,3.4583998,1.2154664,0.0,0.0,0.0,0.0,0.0,0.0,0.0,0.0,0.7150979,2.0672748,0.0,2.167503,0.0,0.0,3.137644,0.76251966,0.0,0.0,0.0,2.9343958,0.0,0.0,2.7202725,2.7541447,0.7867498,0.0,0.0,1.8408316,0.0,0.0,0.0,0.0,0.7465128,0.9416432,1.8213588,0.81742924,2.7945518,0.0,0.31272808,0.27612737,0.0,1.3796942,0.9733011,2.2121499,0.0,2.7241876,0.0024279356,0.09118816,0.0,0.48102832,0.0,0.0,0.07959372,0.0,0.0,0.0,0.0,0.0,0.0,0.0,0.0,0.14249435,0.0,2.8885736,0.0,0.0,0.0,1.6793348,0.0,0.0,0.0,0.0,0.0,1.3246291,0.0,0.6809143,0.0,0.0,0.0,1.4862921,0.0,0.0,0.0,0.0,0.0,0.0,1.6345735,1.3740487,0.7920526,2.2825124,0.0,1.5676577,0.0,0.0,0.0,0.72028244,0.0,0.0,3.1098125,0.9447989,0.4369925,3.3825855,0.0,2.1843162,0.0,0.0,1.1621,0.0,0.0,0.44902468,0.0,0.6004334,0.0,0.0,0.0,0.7700617,0.0,0.0,2.0766528,2.8649235,0.0,0.5167819,0.0,0.0,0.0,3.2411528,0.0,0.0,1.9357935,0.0,2.277881,0.0,0.0,0.0,0.0,2.296593,0.0,2.3299928,0.0,0.0,0.0,2.4974477,0.0,3.2273364,0.0,0.0,0.0,0.0,0.0,0.0,0.0,0.0,0.78374296,1.6711018,0.0,0.0,0.9163966,0.0,0.0,0.0,2.1936407,0.0,0.0,0.0,3.402906,0.0,0.9758891,4.2752686,0.0,0.0,0.0,0.0,0.0,4.3865943,0.0,0.0,0.0,2.3314505,0.0,0.0,0.0,0.12047395,0.0,0.0,0.0,4.527879,0.0,0.0,0.0,0.0,0.0,0.0,0.0,0.0,0.9308207,0.0,1.3610129,0.0,0.0,0.7669738,0.0,2.8483071,0.6442965,0.2911583,0.8139618,0.0,0.0,0.0,3.7490191,0.95442015,0.0,0.0,0.0,0.0,0.0,0.30261534,1.344995,0.0,1.570641,0.0,0.0,0.0,0.8441649,0.41824105,0.0,0.0,0.6747923,0.0,0.0,1.3330183,1.2982802,2.1411648,0.0,0.26992005
